Month,Count
6,1
8,1
9,1
11,1
12,1
