Date,Count
2019-01-08,1
2019-08-01,1
